25
336
0 1 387
0 2 426
0 3 608
0 4 596
0 5 741
0 6 681
0 7 881
0 8 813
0 9 1173
0 10 1294
0 11 1301
0 12 1089
0 15 984
0 20 1377
0 21 1636
0 23 1664
0 24 1245
1 0 348
1 2 436
1 3 577
1 4 671
1 5 772
1 6 743
1 7 869
1 8 971
1 9 1041
1 10 1109
1 11 1292
1 12 831
1 13 1008
1 14 1185
1 17 1055
1 18 993
1 19 1186
1 22 1596
1 24 1361
2 0 434
2 1 513
2 3 362
2 4 596
2 5 741
2 6 701
2 7 846
2 8 775
2 9 763
2 10 964
2 11 864
2 12 990
2 14 910
2 15 1153
2 20 1094
2 21 1331
2 24 1571
3 0 574
3 1 417
3 2 357
3 4 486
3 5 715
3 6 739
3 7 625
3 8 745
3 9 767
3 10 896
3 11 1091
3 13 880
3 14 897
3 15 829
3 17 1099
3 18 1193
3 22 1247
3 23 1585
3 24 1624
4 0 791
4 1 607
4 2 597
4 3 348
4 5 487
4 6 610
4 7 661
4 8 850
4 9 930
4 10 910
4 11 1014
4 12 892
4 14 889
4 15 1095
4 17 1102
4 18 1174
4 20 1073
4 22 1033
5 0 906
5 1 789
5 2 670
5 3 719
5 4 644
5 6 566
5 7 668
5 8 542
5 9 733
5 10 816
5 11 756
5 13 1023
5 14 856
5 17 992
5 19 950
5 20 1038
5 21 1219
5 22 1464
6 0 793
6 1 843
6 2 657
6 3 770
6 4 692
6 5 552
6 7 574
6 8 660
6 9 684
6 10 656
6 11 670
6 12 665
6 13 811
6 17 1066
6 18 970
6 20 1223
6 22 1334
7 0 1037
7 1 726
7 2 808
7 3 725
7 4 712
7 5 482
7 6 526
7 8 443
7 9 679
7 10 588
7 11 687
7 15 870
7 18 853
7 22 1023
8 0 1103
8 1 1029
8 2 703
8 3 836
8 4 844
8 5 692
8 6 618
8 7 624
8 9 597
8 10 662
8 11 646
8 13 750
8 15 716
8 16 744
8 19 883
8 20 1160
8 22 1081
8 23 968
9 0 921
9 1 940
9 2 933
9 3 794
9 4 849
9 5 661
9 6 589
9 7 711
9 8 597
9 10 443
9 11 687
9 12 618
9 13 830
9 15 648
9 17 1007
9 18 980
9 19 1040
9 20 895
9 23 1253
9 24 1030
10 0 1182
10 1 888
10 2 917
10 3 1073
10 4 927
10 5 762
10 6 724
10 7 717
10 8 527
10 9 445
10 11 542
10 14 677
10 17 972
10 22 909
10 24 928
11 0 947
11 1 1170
11 2 1171
11 3 1015
11 4 997
11 5 823
11 6 860
11 7 613
11 8 566
11 9 570
11 10 542
11 12 524
11 13 513
11 15 702
11 16 849
11 17 804
11 19 904
11 20 917
11 21 940
11 22 1185
11 23 1142
12 2 909
12 5 845
12 6 941
12 7 638
12 14 910
12 22 1075
12 23 1430
13 1 1090
13 3 779
13 7 753
13 9 793
13 10 784
13 11 584
13 19 842
14 1 1036
14 2 902
14 4 1139
14 5 946
14 6 719
14 8 912
14 11 601
14 12 755
14 16 671
14 20 1181
14 21 1292
15 0 1183
15 1 1135
15 4 871
15 9 659
15 10 858
16 0 1361
16 1 1078
16 2 1043
16 5 995
16 6 997
16 7 910
16 8 774
16 11 807
16 23 1148
16 24 1244
17 0 1325
17 2 1309
17 3 1291
17 4 911
17 6 971
17 7 1129
17 8 848
17 21 902
17 24 1206
18 1 1300
18 3 1294
18 4 1123
18 5 953
18 8 1089
18 11 827
18 15 1035
18 16 734
18 22 859
18 23 959
19 0 1435
19 1 1284
19 2 1177
19 4 1257
19 5 1040
19 7 1191
19 10 739
19 11 952
19 16 834
20 2 1444
20 6 1132
20 7 1077
20 8 1034
20 9 940
20 11 894
21 1 1241
21 5 1390
21 6 1290
21 7 1260
21 8 1104
21 9 1120
21 10 821
21 11 788
21 17 1027
21 18 984
21 20 872
22 0 1308
22 1 1644
22 2 1196
22 4 1388
22 5 1395
22 6 1239
22 7 1251
22 8 1219
22 11 1088
22 12 1354
22 15 921
22 17 871
23 1 1701
23 2 1174
23 3 1551
23 5 1220
23 6 1473
23 9 1240
23 10 980
23 11 981
23 12 1387
23 13 1251
23 18 1008
23 21 908
23 22 818
24 1 1242
24 3 1390
24 4 1591
24 5 1053
24 6 1202
24 8 1427
24 9 1321
24 11 981
24 12 1129
24 14 1455
24 17 1247
24 20 1011
24 23 614